TF	T034342_2.00
TF Name	SREBF2
Gene	ENSG00000198911
Motif	M02811_2.00
Family	bHLH
Species	Homo_sapiens
Pos	A	C	G	T
1	0.681241184767278	0.0667606958157029	0.248942172073343	0.00305594734367654
2	0.0857843137254902	0.0289661319073084	0.0035650623885918	0.88168449197861
3	0.0017583521728209	0.9939713639789	0.00401909068073348	0.000251193167545843
4	0.978002965892239	0.000494315373208107	0.018536826495304	0.00296589223924864
5	0.00074019245003701	0.976313841598816	0.0202319269676783	0.00271403898346904
6	0.00486223662884927	0.0789534614494096	0.916184301921741	0.0
7	0.0103749115774581	0.0565904267861353	0.0	0.933034661636406
8	0.000753579502637528	0.00326551117809596	0.9939713639789	0.00200954534036674
9	0.959040232670868	0.00193892389723703	0.00945225399903054	0.0295685894328648
10	0.00490075961774075	0.518010291595197	0.0254839500122519	0.45160499877481


TF	T034342_2.00
TF Name	SREBF2
Gene	ENSG00000198911
Motif	M03591_2.00
Family	bHLH
Species	Homo_sapiens
Pos	A	C	G	T
1	0.314407381121363	0.190205819730305	0.237757274662881	0.257629524485451
2	0.623324396782842	0.0462466487935657	0.321045576407507	0.00938337801608579
3	0.0283018867924528	0.0188679245283019	0.00336927223719677	0.949460916442049
4	0.00422535211267606	0.992253521126761	0.0028169014084507	0.000704225352112676
5	0.983938547486033	0.0	0.00418994413407821	0.0118715083798883
6	0.00279329608938547	0.983938547486033	0.00488826815642458	0.00837988826815642
7	0.190079016681299	0.182616330114135	0.618525021949078	0.00877963125548727
8	0.00349895031490553	0.986004198740378	0.0	0.0104968509447166
9	0.00747556066705003	0.810235767682576	0.144910868315124	0.0373778033352501
10	0.993653032440056	0.0	0.00211565585331453	0.00423131170662906
11	0.00210084033613445	0.684173669467787	0.0119047619047619	0.301820728291317
12	0.212207239176721	0.492547906316537	0.0688431511710433	0.226401703335699


TF	T034342_2.00
TF Name	SREBF2
Gene	ENSG00000198911
Motif	M04219_2.00
Family	bHLH
Species	Homo_sapiens
Pos	A	C	G	T
1	0.659058075700665	0.107483386304536	0.226524125975152	0.0069344120196475
2	0.0224763406940063	0.0733438485804416	0.00473186119873817	0.899447949526814
3	0.00470890410958904	0.976455479452055	0.0188356164383562	0.0
4	0.971878994461014	0.0	0.0234341712824883	0.00468683425649766
5	0.00251572327044025	0.956394129979036	0.0146750524109015	0.0264150943396226
6	0.149524101934295	0.136935830518882	0.700337734111145	0.013202333435677
7	0.0126528890763391	0.962041332770983	0.00421762969211303	0.0210881484605652
8	0.0	0.812900926585887	0.158232359230221	0.0288667141838917
9	0.99217050891692	0.000869943453675511	0.00434971726837756	0.00260983036102653
10	0.00043271311120727	0.659887494591086	0.0125486802250108	0.327131112072696


TF	T034342_2.00
TF Name	SREBF2
Gene	ENSG00000198911
Motif	M04220_2.00
Family	bHLH
Species	Homo_sapiens
Pos	A	C	G	T
1	0.813857897827364	0.099236641221374	0.0869054609512625	0.0
2	0.0997552019583843	0.0520195838433293	0.0	0.848225214198286
3	0.0	0.996405463695183	0.00215672178289001	0.00143781452192667
4	0.820603907637655	0.0029603315571344	0.172291296625222	0.00414446417998816
5	0.0	0.907068062827225	0.0798429319371728	0.0130890052356021
6	0.0178685386088066	0.0976388002552648	0.884492661135929	0.0
7	0.00231481481481481	0.193287037037037	0.00231481481481481	0.802083333333333
8	0.0150581793292266	0.0301163586584531	0.948665297741273	0.00616016427104723
9	0.871698113207547	0.0226415094339623	0.0440251572327044	0.0616352201257862
10	0.00972222222222222	0.501388888888889	0.0277777777777778	0.461111111111111


TF	T034342_2.00
TF Name	SREBF2
Gene	ENSG00000198911
Motif	M04221_2.00
Family	bHLH
Species	Homo_sapiens
Pos	A	C	G	T
1	0.680589087397393	0.0979398036375342	0.211250603573153	0.0102205053919202
2	0.0418560405876757	0.0588732692104429	0.00539055068174612	0.893880139520135
3	0.00853111670130154	0.924969922344963	0.0610302964016187	0.00546866455211637
4	0.920740337506805	0.0050081654872074	0.0468154599891127	0.0274360370168753
5	0.00595352410217016	0.812079892452468	0.0932398694065681	0.0887267140387939
6	0.484170616113744	0.317440758293839	0.163127962085308	0.035260663507109
7	0.0128164389365533	0.895773752780426	0.0	0.0914098082830209
8	0.00556111667222778	0.940607273940607	0.0224669113558002	0.0313646980313647
9	0.937687105000554	0.000997893336290054	0.057656059430092	0.00365894223306353
10	0.000115127791848952	0.473750863458439	0.0262491365415611	0.499884872208151


TF	T034342_2.00
TF Name	SREBF2
Gene	ENSG00000198911
Motif	M04222_2.00
Family	bHLH
Species	Homo_sapiens
Pos	A	C	G	T
1	0.714238079359787	0.0628542847615872	0.215738579526509	0.00716905635211737
2	0.0229982964224872	0.0248722316865417	0.0020442930153322	0.950085178875639
3	0.0025974025974026	0.965714285714286	0.0304761904761905	0.00121212121212121
4	0.92919026991003	0.00499833388870377	0.0366544485171609	0.0291569476841053
5	0.0	0.92472226828055	0.0625103631238601	0.0127673685955895
6	0.120555284948855	0.679128105211885	0.198002922552362	0.00231368728689722
7	0.0515106488360575	0.0260855208849265	0.00165098233448902	0.920752847944527
8	0.00203125	0.11375	0.87140625	0.0128125
9	0.978592735567643	0.0026320407088963	0.00228110194771012	0.0164941217757501
10	0.00128882587962366	0.247196803711819	0.032736177342441	0.718778193066117


TF	T034342_2.00
TF Name	SREBF2
Gene	ENSG00000198911
Motif	M08059_2.00
Family	bHLH
Species	Homo_sapiens
Pos	A	C	G	T
1	0.574468085106115	0.0425531914894085	0.340425531915068	0.0425531914894085
2	0.0	0.0	0.0	1.0
3	0.0	1.0	0.0	0.0
4	1.0	0.0	0.0	0.0
5	0.0	0.765957446808693	0.191489361701923	0.042553191489383
6	0.170212765957102	0.574468085106345	0.212765957447128	0.0425531914894255
7	0.0	0.787234042553	0.0	0.212765957447
8	0.0	0.936170212766	0.063829787234	0.0
9	1.0	0.0	0.0	0.0
10	0.0	0.297872340426	0.191489361702	0.510638297872


TF	T034342_2.00
TF Name	SREBF2
Gene	ENSG00000198911
Motif	M08741_2.00
Family	bHLH
Species	Homo_sapiens
Pos	A	C	G	T
1	0.181260290624828	0.450721609038875	0.209561542440836	0.158456557895464
2	0.285277609618061	0.369486129431362	0.187886944381479	0.157349316569104
3	0.0560685008443677	0.224668666661691	0.0200558564066714	0.699206976087267
4	0.024481776123733	0.872139579805608	0.0783605505121026	0.0250180935585485
5	0.549545026884344	0.0110182106640535	0.149964409818225	0.289472352633378
6	0.0125552699372696	0.646750799488943	0.229675543265607	0.111018387308179
7	0.113137804438904	0.490635837930688	0.220591369806156	0.175634987824254
8	0.00232943143003245	0.940018237088472	0.00570710700357951	0.0519452244779076
9	0.0363615718580608	0.908992037793467	0.0331928750837735	0.0214535152646909
10	0.740552495705547	0.0612859399534999	0.0485441936782927	0.149617370662656
11	0.0551362409782142	0.568715821171138	0.165129373898342	0.211018563952306
12	0.112789059753842	0.412020450931937	0.301953719451088	0.173236769863137
13	0.117871597195408	0.375035710482517	0.24675666266017	0.260336029661909


TF	T034342_2.00
TF Name	SREBF2
Gene	ENSG00000198911
Motif	M09462_2.00
Family	bHLH
Species	Homo_sapiens
Pos	A	C	G	T
1	0.328	0.566	0.001	0.105
2	0.235	0.138	0.398	0.229
3	0.338	0.139	0.521	0.001
4	0.001	0.01	0.001	0.988
5	0.013	0.96	0.026	0.001
6	0.997	0.001	0.001	0.001
7	0.001	0.802	0.196	0.001
8	0.191	0.375	0.433	0.001
9	0.001	0.997	0.001	0.001
10	0.025	0.961	0.001	0.013
11	0.951	0.047	0.001	0.001
12	0.001	0.703	0.102	0.194


TF	T034342_2.00
TF Name	SREBF2
Gene	ENSG00000198911
Motif	M09882_2.00
Family	bHLH
Species	Homo_sapiens
Pos	A	C	G	T


TF	T034342_2.00
TF Name	SREBF2
Gene	ENSG00000198911
Motif	M09883_2.00
Family	bHLH
Species	Homo_sapiens
Pos	A	C	G	T


TF	T167060_2.00
TF Name	ONECUT1
Gene	ENSG00000169856
Motif	M02943_2.00
Family	CUT,Homeodomain
Species	Homo_sapiens
Pos	A	C	G	T
1	0.355083459787557	0.113935255437532	0.193727870510875	0.337253414264036
2	0.254794520547945	0.0773736419461502	0.175531412376004	0.492300425129901
3	0.0875431778929188	0.0386442141623489	0.0201856649395509	0.853626943005181
4	0.998610935724208	0.0	0.000505114282106327	0.000883949993686071
5	0.00327332242225859	0.00025179403248143	0.000881279113685006	0.995593604431575
6	0.000252429635239177	0.528840085826076	0.00164079262905465	0.46926669190963
7	0.000377928949357521	0.00113378684807256	0.996220710506425	0.00226757369614512
8	0.996346226533955	0.000881945319390198	0.00125992188484314	0.00151190626181177
9	0.00188513258765867	0.00301621214025386	0.00125675505843911	0.993841900213648
10	0.00323314573105017	0.046940486169321	0.00287390731648904	0.94695246078314
11	0.20749358739465	0.0251923781604984	0.0428728471967754	0.724441187248076
12	0.157416750756811	0.108308106289943	0.0692902791792802	0.664984863773966
13	0.150606980273141	0.23697521497218	0.090161861406171	0.522255943348508
14	0.150986342943854	0.244815376833586	0.173874557410218	0.430323722812342


TF	T167060_2.00
TF Name	ONECUT1
Gene	ENSG00000169856
Motif	M02944_2.00
Family	CUT,Homeodomain
Species	Homo_sapiens
Pos	A	C	G	T
1	0.431256572029443	0.121451104100946	0.258280757097792	0.189011566771819
2	0.278366111951589	0.070481445225594	0.252469520334609	0.398682922488209
3	0.0726296123306866	0.0235871088276506	0.0154133582438113	0.888369920597851
4	0.999343228687771	0.0	0.000394062787337449	0.000262708524891633
5	0.00131268049356787	0.0	0.0	0.998687319506432
6	0.00026281208935611	0.62969776609724	0.0	0.370039421813403
7	0.000656771312229082	0.0	0.999343228687771	0.0
8	0.998949579831933	0.00078781512605042	0.000262605042016807	0.0
9	0.000131354262445816	0.000394062787337449	0.000131354262445816	0.999343228687771
10	0.000250783699059561	0.0457680250783699	0.0	0.953981191222571
11	0.185320919175911	0.0128763866877971	0.0482369255150555	0.753565768621236
12	0.141371077762619	0.129860163710778	0.0800648021828104	0.648703956343793
13	0.150216848468918	0.224339597844658	0.103561571822841	0.521881981863583
14	0.15770797739519	0.220396898409778	0.234327769746353	0.387567354448679


TF	T167060_2.00
TF Name	ONECUT1
Gene	ENSG00000169856
Motif	M03715_2.00
Family	CUT,Homeodomain
Species	Homo_sapiens
Pos	A	C	G	T
1	0.465623782219006	0.237655180092412	0.0957245448978456	0.200996492790737
2	0.377635410599884	0.0029120559114735	0.616889924286546	0.00256260920209668
3	0.977335164835165	0.00366300366300366	0.0159111721611722	0.00309065934065934
4	0.0023263929277655	0.00314063045248342	0.0013958357566593	0.993137140863092
5	0.0124103381532506	0.972105203233519	0.00307412045997951	0.0124103381532506
6	0.237824675324675	0.00649350649350649	0.752203153988868	0.00347866419294991
7	0.975102786660576	0.00388305162174509	0.0100502512562814	0.0109639104613979
8	0.00760894627622781	0.00541849204519253	0.0026516024902006	0.984320959188379
9	0.805091937765205	0.026025459688826	0.0266855256954267	0.142197076850542
10	0.500833333333333	0.155555555555556	0.0538888888888889	0.289722222222222
11	0.328258578287856	0.1821056329781	0.0833821290549245	0.406253659679119


TF	T167060_2.00
TF Name	ONECUT1
Gene	ENSG00000169856
Motif	M04673_2.00
Family	CUT,Homeodomain
Species	Homo_sapiens
Pos	A	C	G	T
1	0.223722090717165	0.239907875375856	0.324739300108758	0.211630733798221
2	0.17252711140322	0.28265691751561	0.185384488991127	0.359431482090043
3	0.996811631169494	0.0	0.00318836883050631	0.0
4	0.0	0.0	0.000383680777593043	0.999616319222407
5	0.0	0.821439831844456	0.0	0.178560168155544
6	0.0	0.0	1.0	0.0
7	1.0	0.0	0.0	0.0
8	0.0	0.143217319813648	0.0	0.856782680186352
9	0.0234302361619042	0.55594123845534	0.00768610921713259	0.412942416165623
10	0.230808597748209	0.254094165813715	0.296699078812692	0.218398157625384


TF	T167060_2.00
TF Name	ONECUT1
Gene	ENSG00000169856
Motif	M04674_2.00
Family	CUT,Homeodomain
Species	Homo_sapiens
Pos	A	C	G	T
1	0.199785808056381	0.151143508602225	0.318316865888206	0.330753817453189
2	0.000694992892118149	0.0848523140104249	0.0	0.914452693097457
3	1.0	0.0	0.0	0.0
4	0.0	0.0	0.0	1.0
5	0.0	0.134049299988034	0.0	0.865950700011966
6	0.0	0.0	0.998516729906864	0.00148327009313556
7	1.0	0.0	0.0	0.0
8	0.0	0.0	0.0	1.0
9	0.0	0.431478218813694	0.0	0.568521781186306
10	0.225799765079804	0.177606577765494	0.316140399364334	0.280453257790368


TF	T167060_2.00
TF Name	ONECUT1
Gene	ENSG00000169856
Motif	M04675_2.00
Family	CUT,Homeodomain
Species	Homo_sapiens
Pos	A	C	G	T
1	0.215832257084251	0.288232165919623	0.256324546076122	0.239611030920003
2	0.240522677201246	0.323026665653726	0.284813492364962	0.151637164780065
3	0.0	0.928410213006066	0.0715897869939343	0.0
4	0.183284730408885	0.0	0.816715269591115	0.0
5	1.0	0.0	0.0	0.0
6	0.0	0.0	0.0	1.0
7	0.0	0.998861739262407	0.0	0.00113826073759296
8	0.0	0.0	1.0	0.0
9	0.999544384539449	0.0	0.000455615460551295	0.0
10	0.0	0.0	0.000227859638462707	0.999772140361537
11	0.733928073599108	0.0385837747421243	0.136938946194592	0.0905492054641762
12	0.263845627896376	0.436526627668465	0.133328268631771	0.166299475803388


TF	T167060_2.00
TF Name	ONECUT1
Gene	ENSG00000169856
Motif	M04676_2.00
Family	CUT,Homeodomain
Species	Homo_sapiens
Pos	A	C	G	T
1	0.665641995743675	0.072357531331284	0.195554504611019	0.0664459683140222
2	0.0106663155122465	0.556887016065315	0.125888859626021	0.306557808796418
3	0.153861544617847	0.326930772308924	0.519207683073229	0.0
4	0.413534877270836	0.0	0.586465122729164	0.0
5	1.0	0.0	0.0	0.0
6	0.000942951438000943	0.0	0.00212164073550212	0.996935407826497
7	0.0	1.0	0.0	0.0
8	0.941241931894057	0.0	0.0580903627865569	0.000667705319385711
9	0.999055043704229	0.00023623907394283	0.00023623907394283	0.00047247814788566
10	0.0030631479736098	0.0	0.000471253534401508	0.996465598491989
11	1.0	0.0	0.0	0.0
12	0.515961220146607	0.401749822653109	0.0210451643414519	0.0612437928588319


TF	T167060_2.00
TF Name	ONECUT1
Gene	ENSG00000169856
Motif	M09022_2.00
Family	CUT,Homeodomain
Species	Homo_sapiens
Pos	A	C	G	T
1	0.252	0.15	0.13	0.468
2	0.108	0.198	0.224	0.47
3	0.04	0.176	0.16	0.624
4	0.992	0.006	0.0	0.002
5	0.004	0.0	0.01	0.986
6	0.01	0.156	0.004	0.83
7	0.004	0.0	0.996	0.0
8	0.994	0.002	0.0	0.004
9	0.006	0.018	0.004	0.972
10	0.002	0.322	0.012	0.664
11	0.142	0.136	0.3	0.422


TF	T167060_2.00
TF Name	ONECUT1
Gene	ENSG00000169856
Motif	M10418_2.00
Family	CUT,Homeodomain
Species	Homo_sapiens
Pos	A	C	G	T


TF	T167060_2.00
TF Name	ONECUT1
Gene	ENSG00000169856
Motif	M10419_2.00
Family	CUT,Homeodomain
Species	Homo_sapiens
Pos	A	C	G	T


TF	T167059_2.00
TF Name	ONECUT2
Gene	ENSG00000119547
Motif	M02942_2.00
Family	CUT,Homeodomain
Species	Homo_sapiens
Pos	A	C	G	T
1	0.4053826745164	0.099663582842725	0.221194280908326	0.273759461732548
2	0.260569996868149	0.0745380519887253	0.180394613216411	0.484497337926715
3	0.073953823953824	0.0378787878787879	0.0303030303030303	0.857864357864358
4	0.985903814262023	0.0	0.00580431177446103	0.00829187396351575
5	0.00915522263836871	0.000416146483562214	0.000832292967124428	0.989596337910945
6	0.0	0.620300751879699	0.00668337510442774	0.373015873015873
7	0.00209292591042277	0.0	0.99539556299707	0.00251151109250733
8	0.989596337910945	0.00374531835205993	0.00332917186849771	0.00332917186849771
9	0.00249687890137328	0.00749063670411985	0.000416146483562214	0.989596337910945
10	0.00792393026941363	0.0451664025356577	0.00475435816164818	0.94215530903328
11	0.185185185185185	0.0258325552443199	0.0488639900404606	0.740118269530034
12	0.144280022766079	0.106715993170176	0.0722822993739328	0.676721684689812
13	0.129154396297854	0.216659655027345	0.0807740849810686	0.573411863693732
14	0.153910849453322	0.226661059714045	0.18713204373423	0.432296047098402


TF	T167059_2.00
TF Name	ONECUT2
Gene	ENSG00000119547
Motif	M03714_2.00
Family	CUT,Homeodomain
Species	Homo_sapiens
Pos	A	C	G	T
1	0.30428863172226	0.209666439754935	0.265486725663717	0.220558202859088
2	0.404081632653061	0.107482993197279	0.227891156462585	0.260544217687075
3	0.260714285714286	0.0724489795918367	0.177551020408163	0.489285714285714
4	0.100723427935448	0.0495269894268225	0.0322760155815248	0.817473567056205
5	0.977378576180971	0.0	0.00731869594145043	0.0153027278775782
6	0.0197498354180382	0.0032916392363397	0.00987491770901909	0.967083607636603
7	0.00201748486886348	0.794216543375925	0.0100874243443174	0.193678547410894
8	0.026431718061674	0.00251730648206419	0.924480805538074	0.0465701699181875
9	0.984584450402145	0.0	0.0154155495978552	0.0
10	0.0293577981651376	0.0617737003058104	0.0103975535168196	0.898470948012232
11	0.0142364106988783	0.633735979292493	0.0	0.352027610008628
12	0.0856201975850713	0.217709476765459	0.537504573728503	0.159165751920966
13	0.225850340136054	0.219047619047619	0.349659863945578	0.205442176870748
14	0.221768707482993	0.215646258503401	0.19047619047619	0.372108843537415


TF	T167059_2.00
TF Name	ONECUT2
Gene	ENSG00000119547
Motif	M04667_2.00
Family	CUT,Homeodomain
Species	Homo_sapiens
Pos	A	C	G	T
1	0.229679144385027	0.196078431372549	0.307397504456328	0.266844919786096
2	0.168270723377833	0.235058987891959	0.161246507295871	0.435423781434337
3	0.944523949827427	0.00420910851081741	0.0209613603838707	0.0303055812778853
4	0.070386403719737	0.020362353695687	0.00978034311367645	0.899470899470899
5	0.0136755121042831	0.652932960893855	0.0173999068901304	0.315991620111732
6	0.0145559138847729	0.00505534733722653	0.977948226270374	0.0024405125076266
7	0.992481203007519	0.000973020787262273	0.00557275541795666	0.000973020787262273
8	0.0402447947848068	0.188319031464112	0.0250781613783011	0.74635801237278
9	0.0164727859386941	0.4954572471767	0.0308227901842575	0.457247176700348
10	0.224846270385884	0.214241154977275	0.321807325550307	0.239105249086534


TF	T167059_2.00
TF Name	ONECUT2
Gene	ENSG00000119547
Motif	M04668_2.00
Family	CUT,Homeodomain
Species	Homo_sapiens
Pos	A	C	G	T
1	0.183719733753497	0.117093797228207	0.31618380012219	0.383002668896106
2	0.0	0.0293998314659343	0.0	0.970600168534066
3	1.0	0.0	0.0	0.0
4	0.0	0.0	0.0	1.0
5	0.0	0.150381794090729	0.0	0.849618205909271
6	0.0	0.0	1.0	0.0
7	1.0	0.0	0.0	0.0
8	0.0	0.0	0.0	1.0
9	0.0	0.388041223853241	0.0	0.61195877614676
10	0.217470295994984	0.1731594771452	0.291203755808158	0.318166471051658


TF	T167059_2.00
TF Name	ONECUT2
Gene	ENSG00000119547
Motif	M04669_2.00
Family	CUT,Homeodomain
Species	Homo_sapiens
Pos	A	C	G	T
1	0.349419670128283	0.231521075137447	0.240073304825901	0.178985949908369
2	0.188464298528884	0.456225331898098	0.224076067456046	0.131234302116972
3	0.0608339680121858	0.623476770753998	0.315689261233816	0.0
4	0.144033459678473	0.0	0.855966540321527	0.0
5	1.0	0.0	0.0	0.0
6	0.0	0.0	0.0	1.0
7	0.0	1.0	0.0	0.0
8	0.045196092724887	0.0	0.954803907275113	0.0
9	1.0	0.0	0.0	0.0
10	0.0	0.0	0.0	1.0
11	0.941895584639724	0.0110743563929239	0.0232992952682295	0.0237307636991227
12	0.311803328752481	0.389219728202779	0.0989464040311498	0.20003053901359


TF	T167059_2.00
TF Name	ONECUT2
Gene	ENSG00000119547
Motif	M04670_2.00
Family	CUT,Homeodomain
Species	Homo_sapiens
Pos	A	C	G	T
1	0.212102308172177	0.127365356622999	0.287897691827823	0.372634643377001
2	0.144789002557545	0.016272378516624	0.224040920716113	0.614897698209719
3	1.0	0.0	0.0	0.0
4	0.0	0.00454357703428335	0.00237505163155721	0.993081371334159
5	0.0	0.723028343733554	0.0	0.276971656266446
6	0.0	0.00087719298245614	0.992466460268318	0.00665634674922601
7	0.991852310231023	0.00479579207920792	0.0	0.00335189768976898
8	0.0	0.0	0.0	1.0
9	0.0	0.462542263950597	0.0	0.537457736049403
10	0.308806382325867	0.0368211107701749	0.359281988339982	0.295090518563977
11	0.222511047569535	0.132570834416428	0.22355081881986	0.421367299194177


TF	T167059_2.00
TF Name	ONECUT2
Gene	ENSG00000119547
Motif	M04671_2.00
Family	CUT,Homeodomain
Species	Homo_sapiens
Pos	A	C	G	T
1	0.822722476257475	0.0	0.128385508265916	0.0488920154766092
2	0.0	0.775273450447464	0.0	0.224726549552536
3	0.117782319877363	0.284619315278487	0.597598364844149	0.0
4	0.0	0.0	1.0	0.0
5	1.0	0.0	0.0	0.0
6	0.0	0.0	0.0	1.0
7	0.0	1.0	0.0	0.0
8	0.801851217003771	0.0	0.198148782996229	0.0
9	1.0	0.0	0.0	0.0
10	0.0	0.0	0.0	1.0
11	1.0	0.0	0.0	0.0
12	0.583155194527576	0.316802052159042	0.00983326207781103	0.0902094912355708


TF	T167059_2.00
TF Name	ONECUT2
Gene	ENSG00000119547
Motif	M04672_2.00
Family	CUT,Homeodomain
Species	Homo_sapiens
Pos	A	C	G	T
1	0.169417704416771	0.0901220411900127	0.339733162671218	0.400727091721999
2	0.0	0.00136698119069388	0.0	0.998633018809306
3	0.981444647997906	0.00475442728779552	0.00564424670679578	0.0081566780075024
4	0.0	0.00282259131523935	0.00483368762734738	0.992343721057413
5	0.0	0.0652170300452007	0.0	0.934782969954799
6	0.00210226323150404	0.00281474574929411	0.989585440727612	0.00549755029159007
7	0.989733438902085	0.00318465734142694	0.00208498284507786	0.00499692091141022
8	0.0	0.0	0.00130492676431425	0.998695073235686
9	0.0	0.101291708938115	0.0	0.898708291061885
10	0.28889177601663	0.0223398726776666	0.246836429777836	0.441931921527868
11	0.186163924517568	0.129587655440299	0.207878901007084	0.476369519035048


TF	T167059_2.00
TF Name	ONECUT2
Gene	ENSG00000119547
Motif	M10417_2.00
Family	CUT,Homeodomain
Species	Homo_sapiens
Pos	A	C	G	T


TF	T237343_2.00
TF Name	PAX3
Gene	ENSG00000135903
Motif	M00352_2.00
Family	Homeodomain,Paired box
Species	Homo_sapiens
Pos	A	C	G	T
1	0.279984008528785	0.160047974413646	0.479877398720682	0.080090618336887
2	0.230095541401274	0.230095541401274	0.185863411181883	0.35394550601557
3	0.00691591344837031	0.00691591344837031	6.84743905779239e-05	0.986099698712681
4	0.958709942481512	6.84743905779239e-05	0.0206107915639551	0.0206107915639551
5	0.986099698712681	0.00691591344837031	6.84743905779239e-05	0.00691591344837031
6	6.84743905779239e-05	6.84743905779239e-05	0.0137633525061627	0.986099698712681
7	7.09018718094158e-05	0.269498014747589	0.0142512762336926	0.716179807146909
8	0.259255831173639	0.037115883006294	0.694279896334691	0.00934838948537579


TF	T237343_2.00
TF Name	PAX3
Gene	ENSG00000135903
Motif	M00353_2.00
Family	Homeodomain,Paired box
Species	Homo_sapiens
Pos	A	C	G	T
1	0.269764231269353	0.249023771558529	0.249023771558529	0.232188225613588
2	0.201109247253634	0.312263779896896	0.217859046736764	0.268767926112705
3	0.199702887508489	0.36753946456012	0.220705823526388	0.212051824405002
4	0.294966546864966	0.225171413402332	0.316354034705241	0.163508005027461
5	0.729803194169275	0.0191590444923666	0.242930380174573	0.00810738116378569
6	0.012677417487537	0.183061517881794	0.00808347828053007	0.796177586350139
7	0.170327234667735	0.136690807630902	0.16040814871518	0.532573808986183
8	0.503662290002993	0.134545977958753	0.133207223109908	0.228584508928346
9	0.225061173103343	0.269447144195696	0.264111733267807	0.241379949433154


TF	T237343_2.00
TF Name	PAX3
Gene	ENSG00000135903
Motif	M00354_2.00
Family	Homeodomain,Paired box
Species	Homo_sapiens
Pos	A	C	G	T
1	0.208954291643146	0.311723172930326	0.224105187292805	0.255217348133723
2	0.220750279600791	0.356748876110845	0.220750279600791	0.201750564687572
3	0.284394597059488	0.232842602629688	0.305015532047192	0.177747268263633
4	0.670601240515185	0.0221574699729401	0.298322371103098	0.00891891840877693
5	0.00728481601863987	0.234110256011255	0.0410911259357174	0.717513802034387
6	0.194938483124761	0.14014590208542	0.194938483124761	0.469977131665059
7	0.449222696761702	0.177242481818302	0.136663096683762	0.236871724736234


TF	T237343_2.00
TF Name	PAX3
Gene	ENSG00000135903
Motif	M00355_2.00
Family	Homeodomain,Paired box
Species	Homo_sapiens
Pos	A	C	G	T
1	0.193809049656133	0.316357655301665	0.222933471795598	0.266899823246604
2	0.192070047256132	0.379122789263794	0.214403581740037	0.214403581740037
3	0.326106838767681	0.207934900850458	0.316468925143323	0.149489335238539
4	0.806768884866214	0.00190224970358804	0.178223296619554	0.0131055688106433
5	0.00175091326447308	0.144046694803315	0.0416848401310913	0.812517551801121
6	0.14768777987185	0.12968396471112	0.12968396471112	0.592944290705909
7	0.549891534058803	0.112136967500516	0.114402284510177	0.223569213930503
8	0.23528374963113	0.252343746392572	0.260028757583725	0.252343746392572
9	0.213927740234441	0.294605830622578	0.266570379123375	0.224896050019607


TF	T237343_2.00
TF Name	PAX3
Gene	ENSG00000135903
Motif	M00356_2.00
Family	Homeodomain,Paired box
Species	Homo_sapiens
Pos	A	C	G	T
1	0.400468788826801	0.199843737057733	0.199843737057733	0.199843737057733
2	0.151069310021855	0.151069310021855	0.346167018165368	0.351694361790923
3	0.126564222317088	0.024112439231078	0.228872644905605	0.620450693546229
4	0.699108616284478	0.000318578883317298	0.0954940202743601	0.205078784557844
5	0.000318578883317298	0.805603165399785	0.000318578883317298	0.193759676833581
6	0.90087099466699	0.000318578883317298	0.0984918475663759	0.000318578883317298
7	0.000318578883317298	0.405796224203075	0.0945669557239068	0.499318241189701
8	0.201157078504208	0.000318578883317298	0.605691730329347	0.192832612283127
9	0.239898660057217	0.0504748418255844	0.547986740746876	0.161639757370322
10	0.210414184406201	0.0992492688614628	0.0992492688614628	0.591087277870874
11	0.321381581043282	0.226206139652239	0.226206139652239	0.226206139652239


TF	T237343_2.00
TF Name	PAX3
Gene	ENSG00000135903
Motif	M00357_2.00
Family	Homeodomain,Paired box
Species	Homo_sapiens
Pos	A	C	G	T
1	0.206864355646212	0.302494559345286	0.21965613300048	0.270984952008022
2	0.20291852614524	0.366062670399148	0.219819015161832	0.211199788293779
3	0.310528342894401	0.216648273424662	0.307438534257525	0.165384849423412
4	0.776043462058393	0.00116673415759329	0.211496516233528	0.0112932875504859
5	0.000425146011375186	0.18212210816545	0.0410453431600162	0.776407402663159
6	0.180770513547015	0.140784217512579	0.140784217512579	0.537661051427828
7	0.5255983713217	0.120848460569494	0.122063007789875	0.231490160318931
8	0.239999090023475	0.257400987540702	0.262600832412347	0.239999090023475
9	0.221423628319093	0.287170965453122	0.267756433448081	0.223648972779705


TF	T237343_2.00
TF Name	PAX3
Gene	ENSG00000135903
Motif	M00358_2.00
Family	Homeodomain,Paired box
Species	Homo_sapiens
Pos	A	C	G	T
1	0.28635519895816	0.241587806417393	0.313322494700546	0.158734499923902
2	0.702444240420523	0.0175414390172972	0.26101190652659	0.0190024140355903
3	0.0198684712676004	0.216834440748944	0.014001075064024	0.749296012919431
4	0.209687511794863	0.149249347958088	0.140557742568926	0.500505397678124
5	0.414901717893036	0.160459515036726	0.214442506599815	0.210196260470424
6	0.247979439582123	0.250471674382939	0.288111004391782	0.213437881643156
7	0.224225619063305	0.276622226708808	0.265775714058418	0.23337644016947


TF	T237343_2.00
TF Name	PAX3
Gene	ENSG00000135903
Motif	M00359_2.00
Family	Homeodomain,Paired box
Species	Homo_sapiens
Pos	A	C	G	T
1	0.380378096479791	0.152216427640156	0.25	0.217405475880052
2	8.4717045069468e-05	8.4717045069468e-05	8.4717045069468e-05	0.999745848864792
3	0.976149244332494	7.87153652392947e-05	7.87153652392947e-05	0.0236933249370277
4	0.999765698219306	7.81005935645111e-05	7.81005935645111e-05	7.81005935645111e-05
5	0.0156982193064667	7.81005935645111e-05	0.00788815995001562	0.976335520149953
6	7.81005935645111e-05	0.281240237425804	7.81005935645111e-05	0.718603561387067
7	0.342309077809798	0.02710734870317	0.621487752161383	0.00909582132564841
8	0.266657782515991	0.186700426439232	0.493203624733475	0.0534381663113006


TF	T237343_2.00
TF Name	PAX3
Gene	ENSG00000135903
Motif	M03297_2.00
Family	Homeodomain,Paired box
Species	Homo_sapiens
Pos	A	C	G	T
1	0.112441712590081	0.0208774904620602	0.024692666384061	0.841988130563798
2	0.975804470646033	0.0051584377302874	0.0119135347580447	0.00712355686563498
3	0.996488147497805	0.00175592625109745	0.00175592625109745	0.0
4	0.00384854127870888	0.00707635009310987	0.00273122284295469	0.986343885785227
5	0.000875	0.657625	0.006	0.3355
6	0.333956852475371	0.00773163736126699	0.656815064222472	0.00149644594089039
7	0.984266600594648	0.00210604558969277	0.0125123885034688	0.00111496531219029
8	0.00162621966474856	0.00150112584438329	0.00300225168876658	0.993870402802102
9	0.00382527147087858	0.0118460019743337	0.00394866732477789	0.98038005923001
10	0.751229198184569	0.0372541603630862	0.0229765506807867	0.188540090771558


TF	T237343_2.00
TF Name	PAX3
Gene	ENSG00000135903
Motif	M03885_2.00
Family	Homeodomain,Paired box
Species	Homo_sapiens
Pos	A	C	G	T
1	0.273380726698262	0.178120063191153	0.364296998420221	0.184202211690363
2	0.328949447077409	0.259004739336493	0.161729857819905	0.250315955766193
3	0.122071923457605	0.0372514321706008	0.0812513121981944	0.7594253321736
4	0.987827715355805	0.00210674157303371	0.00760767790262172	0.00245786516853933
5	0.997911165412052	0.00141883104087022	0.000512355653647578	0.000157647893430024
6	0.0019187093742658	0.00512961077609836	0.00148797869841021	0.991463701151226
7	0.0007428839537066	0.418282765092274	0.00926649984360338	0.571707851110416
8	0.0226349170179636	0.0145835706961376	0.961604192776575	0.00117731950932361
9	0.985482427120227	0.00112871210057214	0.0119487798232982	0.00144008095590239
10	0.000629822075263738	0.00157455518815934	0.00110218863171154	0.996693434104865
11	0.00431973848069738	0.00712173100871731	0.00319115815691158	0.985367372353674
12	0.680096696212732	0.102847166263766	0.0491270480795058	0.167929089443997
13	0.226026856240126	0.138388625592417	0.266587677725118	0.368996840442338
14	0.1585245448442	0.317799454997828	0.215196872161447	0.308479127996525


TF	T237343_2.00
TF Name	PAX3
Gene	ENSG00000135903
Motif	M03886_2.00
Family	Homeodomain,Paired box
Species	Homo_sapiens
Pos	A	C	G	T
1	0.495584667637069	0.0834546336729743	0.395245026686075	0.0257156720038816
2	0.987050637804407	0.00251256281407035	0.00579822187862389	0.00463857750289911
3	0.0	0.00175815588982223	0.000586051963274077	0.997655792146904
4	0.000387822377351173	0.0071747139809967	0.00213302307543145	0.990304440566221
5	0.638934067308895	0.2758663830852	0.0620542975103215	0.0231452520955836
6	0.00116867939228672	0.0	0.99474094273471	0.00409037787300351
7	0.0201904761904762	0.00628571428571429	0.000761904761904762	0.972761904761905
8	0.00695033056450246	0.865739955924733	0.000678081030683167	0.126631632480081
9	0.991457969326344	0.0031061929722384	0.0025237817899437	0.0029120559114735
10	0.000527797325826882	0.898486980999296	0.0	0.100985221674877
11	0.037977063357774	0.00188005264147396	0.960142884000752	0.0
12	0.0	0.353596559812353	0.644644253322909	0.00175918686473808
13	0.132501834189288	0.0953778429933969	0.0227439471753485	0.749376375641966


TF	T237343_2.00
TF Name	PAX3
Gene	ENSG00000135903
Motif	M05438_2.00
Family	Homeodomain,Paired box
Species	Homo_sapiens
Pos	A	C	G	T
1	0.15092936802974	0.382899628252788	0.160594795539033	0.305576208178439
2	0.0690080098582871	0.542205791743685	0.285890326555761	0.102895871842267
3	0.000678886625933469	0.00135777325186694	0.912423625254583	0.0855397148676171
4	0.112422360248447	0.0490683229813665	0.00372670807453416	0.834782608695652
5	0.00549115314215985	0.820012202562538	0.014032946918853	0.160463697376449
6	0.983174835405998	0.00146305779078274	0.013899049012436	0.00146305779078274
7	0.00833333333333333	0.861538461538462	0.00128205128205128	0.128846153846154
8	0.106905710491368	0.000664010624169987	0.892430278884462	0.0
9	0.00221729490022173	0.617886178861789	0.375461936437546	0.00443458980044346
10	0.146577380952381	0.308035714285714	0.0944940476190476	0.450892857142857
11	0.380669144981413	0.169516728624535	0.102602230483271	0.347211895910781
12	0.694573643410853	0.0785529715762274	0.182428940568475	0.0444444444444444
13	0.0342231348391513	0.0294318959616701	0.0164271047227926	0.919917864476386
14	0.0513296227581942	0.0853432282003711	0.0321583178726036	0.831168831168831
15	0.775533756491633	0.0380842469705713	0.0623196768609348	0.124062319676861
16	0.28996282527881	0.242379182156134	0.269888475836431	0.197769516728625


TF	T237343_2.00
TF Name	PAX3
Gene	ENSG00000135903
Motif	M05439_2.00
Family	Homeodomain,Paired box
Species	Homo_sapiens
Pos	A	C	G	T
1	0.308836789900812	0.315148782687105	0.200631199278629	0.175383228133454
2	0.177789229580005	0.0829683071373357	0.167740273125483	0.571502190157176
3	0.926870037609695	0.0208942749686586	0.0330129544504806	0.0192227329711659
4	0.984028393966282	0.00842945874001775	0.00532386867790594	0.00221827861579414
5	0.00595744680851064	0.0395744680851064	0.0106382978723404	0.943829787234043
6	0.0	0.958927799394725	0.0203199308257674	0.0207522697795071
7	0.511180679785331	0.00805008944543828	0.480769230769231	0.0
8	0.990620812862885	0.0	0.00759267530147387	0.00178651183564091
9	0.0	0.00312360553324409	0.0071396697902722	0.989736724676484
10	0.0017474879860201	0.0218435998252512	0.00742682394058541	0.968982088248143
11	0.648917495611469	0.165301345816267	0.0555880631948508	0.130193095377414
12	0.201983769161407	0.186203787195672	0.321911632100992	0.28990081154193


TF	T237343_2.00
TF Name	PAX3
Gene	ENSG00000135903
Motif	M05440_2.00
Family	Homeodomain,Paired box
Species	Homo_sapiens
Pos	A	C	G	T
1	0.165405405405405	0.299459459459459	0.300540540540541	0.234594594594595
2	0.12093023255814	0.465891472868217	0.162015503875969	0.251162790697674
3	0.42157751586582	0.128739800543971	0.416137805983681	0.0335448776065277
4	0.78656462585034	0.0527210884353742	0.0663265306122449	0.0943877551020408
5	0.0220661985957874	0.0361083249749248	0.0140421263791374	0.92778335005015
6	0.0285188592456302	0.093836246550138	0.0266789328426863	0.850965961361546
7	0.422907488986784	0.392070484581498	0.133039647577093	0.0519823788546256
8	0.00424178154825027	0.00212089077412513	0.980911983032874	0.0127253446447508
9	0.0736543909348442	0.0434372049102927	0.00944287063267233	0.873465533522191
10	0.024390243902439	0.777964676198486	0.00420521446593776	0.193439865433137
11	0.948717948717949	0.0041025641025641	0.0246153846153846	0.0225641025641026
12	0.0036101083032491	0.834837545126354	0.0	0.161552346570397
13	0.102564102564103	0.0142450142450142	0.878442545109212	0.00474833808167141
14	0.0	0.465665236051502	0.526824034334764	0.00751072961373391
15	0.166855203619909	0.231334841628959	0.0786199095022624	0.523190045248869
16	0.228108108108108	0.241081081081081	0.214054054054054	0.316756756756757


TF	T237343_2.00
TF Name	PAX3
Gene	ENSG00000135903
Motif	M05441_2.00
Family	Homeodomain,Paired box
Species	Homo_sapiens
Pos	A	C	G	T
1	0.172106824925816	0.275964391691395	0.166666666666667	0.385262116716123
2	0.128761371588523	0.358642407277817	0.348845346396081	0.163750874737579
3	0.0048780487804878	0.00221729490022173	0.897117516629712	0.0957871396895787
4	0.125311203319502	0.0298755186721992	0.00539419087136929	0.839419087136929
5	0.029045643153527	0.763108261033572	0.010184835910977	0.197661259901924
6	0.746494464944649	0.0047970479704797	0.245018450184502	0.003690036900369
7	0.00259067357512953	0.873488773747841	0.00129533678756477	0.122625215889465
8	0.0291308500477555	0.00238777459407832	0.966093600764088	0.00238777459407832
9	0.00147856086742238	0.675702316412026	0.32134056185313	0.00147856086742238
10	0.150271873455264	0.26890756302521	0.0627780523974296	0.518042511122096
11	0.415719228868018	0.113692535837865	0.0855165595650025	0.385071675729115
12	0.647982062780269	0.0422805893657912	0.264253683536195	0.045483664317745
13	0.0314494074749316	0.0223336371923428	0.0241567912488605	0.922060164083865
14	0.0496150556030796	0.0637296834901625	0.0213857998289136	0.865269461077844
15	0.779576107899807	0.0373795761078998	0.0489402697495183	0.134104046242775
16	0.31586752347998	0.179436480474543	0.277805239742956	0.226890756302521


TF	T237343_2.00
TF Name	PAX3
Gene	ENSG00000135903
Motif	M05442_2.00
Family	Homeodomain,Paired box
Species	Homo_sapiens
Pos	A	C	G	T
1	0.333027312370897	0.323158136332339	0.153201744319486	0.190612806977278
2	0.176300984528833	0.0917018284106892	0.119268635724332	0.612728551336146
3	0.951408604498799	0.0147412098711509	0.0212928587027735	0.0125573269272767
4	0.985744993777577	0.00701436814119244	0.00373345401063469	0.00350718407059622
5	0.00295760762405521	0.0314382736334757	0.0111731843575419	0.954430934384927
6	0.00193652501344809	0.937385691231845	0.0257127487896719	0.034965034965035
7	0.729864253393665	0.0117647058823529	0.255882352941176	0.00248868778280543
8	0.975263040071636	0.00414148197895679	0.0152227445713006	0.00537273337810611
9	0.00171213331811437	0.00319598219381349	0.000570711106038123	0.994521173382034
10	0.00709927897947865	0.0166389351081531	0.00976150859678314	0.966500277315585
11	0.741468811165007	0.0833971576887073	0.0426346693898392	0.132499361756446
12	0.232640881441524	0.177091702054401	0.315620337426833	0.274647079077241


TF	T237343_2.00
TF Name	PAX3
Gene	ENSG00000135903
Motif	M05443_2.00
Family	Homeodomain,Paired box
Species	Homo_sapiens
Pos	A	C	G	T
1	0.174541947926712	0.279652844744455	0.255062680810029	0.290742526518804
2	0.133380884450785	0.455777460770328	0.126961483594864	0.283880171184023
3	0.473990844777362	0.0990428630878069	0.388680815647108	0.0382854764877237
4	0.85874067937034	0.031897265948633	0.043910521955261	0.0654515327257664
5	0.0151933701657459	0.0156537753222836	0.0147329650092081	0.954419889502762
6	0.0150110375275938	0.0534216335540839	0.0163355408388521	0.91523178807947
7	0.609960014540167	0.143947655398037	0.160668847691748	0.0854234823700473
8	0.00235072872590503	0.00188058298072402	0.974612129760226	0.0211565585331453
9	0.0743907652843095	0.0239418554938008	0.0153911928174434	0.886276186404446
10	0.0324324324324324	0.747027027027027	0.00900900900900901	0.211531531531532
11	0.672615184944841	0.00843608046722907	0.307916937053861	0.0110317975340688
12	0.00582120582120582	0.861954261954262	0.00291060291060291	0.129313929313929
13	0.0641831238779174	0.00179533213644524	0.930430879712747	0.00359066427289048
14	0.0014367816091954	0.480842911877395	0.512452107279693	0.00526819923371648
15	0.161643835616438	0.198630136986301	0.0717808219178082	0.567945205479452
16	0.240713941148095	0.220453449107574	0.194886637723107	0.343945972021225


TF	T237343_2.00
TF Name	PAX3
Gene	ENSG00000135903
Motif	M09585_2.00
Family	Homeodomain,Paired box
Species	Homo_sapiens
Pos	A	C	G	T
1	0.589	0.052	0.146	0.214
2	0.003	0.595	0.401	0.001
3	0.001	0.746	0.001	0.252
4	0.472	0.006	0.505	0.017
5	0.018	0.001	0.075	0.906
6	0.194	0.003	0.787	0.015
7	0.782	0.015	0.102	0.1
8	0.087	0.911	0.001	0.001
9	0.222	0.101	0.025	0.652
10	0.958	0.002	0.039	0.001
11	0.997	0.001	0.001	0.001
12	0.091	0.022	0.018	0.868
13	0.06	0.213	0.195	0.532
14	0.273	0.199	0.29	0.237
15	0.322	0.216	0.27	0.192


TF	T237343_2.00
TF Name	PAX3
Gene	ENSG00000135903
Motif	M10816_2.00
Family	Homeodomain,Paired box
Species	Homo_sapiens
Pos	A	C	G	T
1	0.0	0.0	0.0	1.0
2	0.0	1.0	0.0	0.0
3	0.0	0.0	1.0	0.0
4	0.153846153846154	0.0	0.0	0.846153846153846
5	0.0	0.961538461538462	0.0	0.0384615384615385
6	0.961538461538462	0.0384615384615385	0.0	0.0
7	0.0	0.923076923076923	0.0	0.0769230769230769
8	0.423076923076923	0.0	0.576923076923077	0.0
9	0.0	0.807692307692308	0.153846153846154	0.0384615384615385
10	0.153846153846154	0.192307692307692	0.0384615384615385	0.615384615384615
11	0.0384615384615385	0.307692307692308	0.0	0.653846153846154
12	0.346153846153846	0.384615384615385	0.0	0.269230769230769
13	0.5	0.307692307692308	0.115384615384615	0.0769230769230769


TF	T237343_2.00
TF Name	PAX3
Gene	ENSG00000135903
Motif	M10817_2.00
Family	Homeodomain,Paired box
Species	Homo_sapiens
Pos	A	C	G	T


TF	T237342_2.00
TF Name	PAX4
Gene	ENSG00000106331
Motif	M00347_2.00
Family	Homeodomain,Paired box
Species	Homo_sapiens
Pos	A	C	G	T
1	0.162331201961754	0.37227718753632	0.157533589900143	0.307858020601784
2	0.250260674448766	0.192963889906464	0.293683622039434	0.263091813605336
3	0.373787498784568	0.2030977623347	0.148961435608148	0.274153303272584
4	0.779240861970959	0.012532436365429	0.158907169508392	0.0493195321552201
5	0.0141153972605027	0.145077227702044	0.0853931772202242	0.75541419781723
6	0.183419520257182	0.148676973529154	0.169317557398087	0.498585948815576
7	0.545850755180868	0.119384048690543	0.131939778692688	0.202825417435901


TF	T237342_2.00
TF Name	PAX4
Gene	ENSG00000106331
Motif	M00348_2.00
Family	Homeodomain,Paired box
Species	Homo_sapiens
Pos	A	C	G	T
1	0.149979038042457	0.407685293691732	0.192576896808763	0.249758771457048
2	0.188272604818392	0.30732042659288	0.184544557463618	0.31986241112511
3	0.569577140557629	0.10722122539512	0.189595760062291	0.13360587398496
4	0.906364541106577	0.0204798523159267	0.0365778032887483	0.0365778032887483
5	0.0111909656396288	0.000392627801453245	0.000985217168855377	0.987431189390063
6	0.000497466210264563	0.0166393830045305	0.018206384980002	0.964656765805203
7	0.925629896495018	0.000684185962137651	0.0114784857132914	0.0622074318295531
8	0.323850558672781	0.144067533296099	0.354348953057937	0.177732954973182


TF	T237342_2.00
TF Name	PAX4
Gene	ENSG00000106331
Motif	M00349_2.00
Family	Homeodomain,Paired box
Species	Homo_sapiens
Pos	A	C	G	T
1	0.154517723640267	0.380052273736727	0.210673344978646	0.254756657644361
2	0.191457545381607	0.288491634455083	0.213719859329402	0.306330960833907
3	0.53496405746996	0.126747835142674	0.196802278542091	0.141485828845275
4	0.825124505869435	0.0440592047362476	0.0644270961044078	0.0663891932899097
5	0.0443291994150344	0.000212597109277169	0.000522904511321625	0.954935298964367
6	0.00805690483618036	0.0741825885538284	0.0230238231091568	0.894736683500834
7	0.852958285992526	0.000662795120636564	0.0518684468124299	0.0945104720744074
8	0.322862426504354	0.160328736167449	0.33603869208536	0.180770145242836
9	0.210046370567599	0.286382496749186	0.239206768611452	0.264364364071763


TF	T237342_2.00
TF Name	PAX4
Gene	ENSG00000106331
Motif	M00350_2.00
Family	Homeodomain,Paired box
Species	Homo_sapiens
Pos	A	C	G	T
1	0.155567427991518	0.398249724892344	0.199752531541416	0.246430315574723
2	0.236922410992572	0.22992029554645	0.323025965231107	0.210131328229872
3	0.41009226663696	0.182432852734055	0.197627150083183	0.209847730545802
4	0.824160795535675	0.0390313688220202	0.0941007156200862	0.0427071200222188
5	0.000208954476159334	0.00310918654654458	7.02539413315504e-05	0.996611605035965
6	0.000696505601008389	0.108670520305231	0.0120410368751712	0.878591937218589
7	0.843202545309921	0.00965240586939927	0.0459340741058896	0.10121097471479
8	0.300506095141089	0.182266160148982	0.309657868217234	0.207569876492695


TF	T237342_2.00
TF Name	PAX4
Gene	ENSG00000106331
Motif	M00351_2.00
Family	Homeodomain,Paired box
Species	Homo_sapiens
Pos	A	C	G	T
1	0.180069004605145	0.348396129734609	0.213436664724781	0.258098200935465
2	0.238786510024653	0.238786510024653	0.297546313708836	0.224880666241857
3	0.353012138410179	0.207784699043612	0.214112685214572	0.225090477331637
4	0.708271581829956	0.073173081237809	0.15032920820182	0.0682261287304155
5	0.0102563070418424	0.0112221874107981	0.0175998932628715	0.960921612284488
6	0.033968717871178	0.173372080316089	0.0310450705866215	0.761614131226111
7	0.726086687402913	0.0399516276005639	0.0829028476687283	0.151058837327794
8	0.275553015362199	0.206186282342048	0.301503023202162	0.216757679093591


TF	T237342_2.00
TF Name	PAX4
Gene	ENSG00000106331
Motif	M03295_2.00
Family	Homeodomain,Paired box
Species	Homo_sapiens
Pos	A	C	G	T
1	0.148796498905908	0.50328227571116	0.113785557986871	0.234135667396061
2	0.111111111111111	0.0381526104417671	0.234939759036145	0.615796519410977
3	0.944558521560575	0.0308008213552361	0.00924024640657084	0.0154004106776181
4	0.990312163616792	0.00322927879440258	0.00645855758880517	0.0
5	0.00749464668094218	0.00749464668094218	0.0	0.985010706638116
6	0.0180541624874624	0.0170511534603811	0.0421263791374122	0.922768304914744
7	0.74373484236055	0.132578819725141	0.0501212611156023	0.0735650767987066
8	0.316348195329087	0.116772823779193	0.488322717622081	0.0785562632696391


TF	T237342_2.00
TF Name	PAX4
Gene	ENSG00000106331
Motif	M03296_2.00
Family	Homeodomain,Paired box
Species	Homo_sapiens
Pos	A	C	G	T
1	0.0708812260536398	0.637931034482759	0.0900383141762452	0.201149425287356
2	0.10720887245841	0.055452865064695	0.22181146025878	0.615526802218115
3	0.985207100591716	0.00591715976331361	0.0	0.00887573964497041
4	1.0	0.0	0.0	0.0
5	0.0	0.0	0.014792899408284	0.985207100591716
6	0.0483870967741935	0.0295698924731183	0.0268817204301075	0.895161290322581
7	0.748314606741573	0.2	0.0247191011235955	0.0269662921348315
8	0.243111831442464	0.150729335494327	0.539708265802269	0.06645056726094


TF	T237342_2.00
TF Name	PAX4
Gene	ENSG00000106331
Motif	M03883_2.00
Family	Homeodomain,Paired box
Species	Homo_sapiens
Pos	A	C	G	T
1	0.0787773359840954	0.614314115308151	0.232604373757455	0.0743041749502982
2	0.000977517106549365	0.000977517106549365	0.947539915281851	0.0505050505050505
3	0.0529704419081065	0.0254609306409131	0.000585308750365818	0.920983318700615
4	0.00460552663195835	0.834601521826191	0.0	0.16079295154185
5	0.954045954045954	0.0322177822177822	0.00824175824175824	0.00549450549450549
6	0.000206996481059822	0.902504657420824	0.0	0.0972883460981163
7	0.0130047912388775	0.0	0.983572895277207	0.00342231348391513
8	0.0	0.842032967032967	0.157770800627943	0.000196232339089482
9	0.558092802338327	0.031055900621118	0.0166240409207161	0.394227256119839
10	0.0100362419849456	0.121828826317257	0.00083635349874547	0.867298578199052
11	0.000606060606060606	0.35969696969697	0.633939393939394	0.00575757575757576
12	0.686455331412104	0.00144092219020173	0.312103746397695	0.0
13	0.179795021961933	0.320058565153734	0.325329428989751	0.174816983894583
14	0.012767138495698	0.188731612545101	0.0130446849847349	0.785456563974466
15	0.201717927403713	0.00221668052091992	0.768079800498753	0.027985591576614


TF	T237342_2.00
TF Name	PAX4
Gene	ENSG00000106331
Motif	M03884_2.00
Family	Homeodomain,Paired box
Species	Homo_sapiens
Pos	A	C	G	T
1	0.14638783269962	0.431558935361217	0.239543726235741	0.182509505703422
2	0.184062850729517	0.168350168350168	0.144781144781145	0.50280583613917
3	0.68188302425107	0.0912981455064194	0.105563480741797	0.121255349500713
4	0.896057347670251	0.032258064516129	0.043010752688172	0.028673835125448
5	0.00341880341880342	0.0222222222222222	0.0170940170940171	0.957264957264957
6	0.0395738203957382	0.0943683409436834	0.0350076103500761	0.831050228310502
7	0.737951807228916	0.126506024096386	0.100903614457831	0.0346385542168675
8	0.4234404536862	0.166351606805293	0.196597353497164	0.213610586011342
9	0.132442284325638	0.50546780072904	0.0838396111786148	0.278250303766707
10	0.103362391033624	0.0697384806973848	0.211706102117061	0.61519302615193
11	0.723741007194245	0.0748201438848921	0.0661870503597122	0.135251798561151
12	0.948339483394834	0.022140221402214	0.00922509225092251	0.0202952029520295
13	0.0205831903945112	0.0377358490566038	0.00514579759862779	0.936535162950257
14	0.158579881656805	0.0485207100591716	0.190532544378698	0.602366863905325
15	0.479166666666667	0.288690476190476	0.110119047619048	0.12202380952381
16	0.213725490196078	0.186274509803922	0.494117647058824	0.105882352941176


TF	T237342_2.00
TF Name	PAX4
Gene	ENSG00000106331
Motif	M05430_2.00
Family	Homeodomain,Paired box
Species	Homo_sapiens
Pos	A	C	G	T
1	0.292307692307692	0.253846153846154	0.176923076923077	0.276923076923077
2	0.817610062893082	0.0440251572327044	0.106918238993711	0.0314465408805031
3	0.977443609022556	0.0	0.0225563909774436	0.0
4	0.0422535211267606	0.0	0.0422535211267606	0.915492957746479
5	0.0	0.104575163398693	0.0457516339869281	0.849673202614379
6	0.921985815602837	0.0567375886524823	0.0212765957446809	0.0
7	0.169230769230769	0.276923076923077	0.392307692307692	0.161538461538462
8	0.206106870229008	0.221374045801527	0.33587786259542	0.236641221374046
9	0.315384615384615	0.253846153846154	0.284615384615385	0.146153846153846
10	0.230769230769231	0.292307692307692	0.223076923076923	0.253846153846154
11	0.253846153846154	0.276923076923077	0.184615384615385	0.284615384615385
12	0.161538461538462	0.276923076923077	0.3	0.261538461538462
13	0.248062015503876	0.286821705426357	0.348837209302326	0.116279069767442
14	0.146153846153846	0.423076923076923	0.184615384615385	0.246153846153846
15	0.0	0.119205298013245	0.0198675496688742	0.860927152317881
16	1.0	0.0	0.0	0.0
17	0.866666666666667	0.02	0.0333333333333333	0.08
18	0.0510948905109489	0.0	0.0	0.948905109489051
19	0.0	0.13953488372093	0.104651162790698	0.755813953488372
20	0.348837209302326	0.147286821705426	0.263565891472868	0.24031007751938


TF	T237342_2.00
TF Name	PAX4
Gene	ENSG00000106331
Motif	M05431_2.00
Family	Homeodomain,Paired box
Species	Homo_sapiens
Pos	A	C	G	T
1	0.19672131147541	0.344262295081967	0.311475409836066	0.147540983606557
2	0.66304347826087	0.0978260869565217	0.173913043478261	0.0652173913043478
3	0.0842105263157895	0.168421052631579	0.105263157894737	0.642105263157895
4	0.122222222222222	0.144444444444444	0.0555555555555556	0.677777777777778
5	0.273809523809524	0.0	0.0	0.726190476190476
6	0.16504854368932	0.592233009708738	0.0	0.242718446601942
7	1.0	0.0	0.0	0.0
8	0.0	0.835616438356164	0.0	0.164383561643836
9	0.101449275362319	0.0144927536231884	0.884057971014493	0.0
10	0.0	0.792207792207792	0.181818181818182	0.025974025974026
11	0.415584415584416	0.12987012987013	0.0779220779220779	0.376623376623377
12	0.0246913580246914	0.197530864197531	0.0246913580246914	0.753086419753086
13	0.0933333333333333	0.426666666666667	0.386666666666667	0.0933333333333333
14	0.635416666666667	0.03125	0.270833333333333	0.0625
15	0.377049180327869	0.19672131147541	0.262295081967213	0.163934426229508
16	0.115942028985507	0.434782608695652	0.0	0.449275362318841
17	0.182795698924731	0.10752688172043	0.655913978494624	0.0537634408602151
18	0.229508196721311	0.426229508196721	0.147540983606557	0.19672131147541
19	0.295081967213115	0.163934426229508	0.344262295081967	0.19672131147541
20	0.0563380281690141	0.577464788732394	0.0845070422535211	0.28169014084507
21	0.4	0.283333333333333	0.216666666666667	0.1


TF	T237342_2.00
TF Name	PAX4
Gene	ENSG00000106331
Motif	M05432_2.00
Family	Homeodomain,Paired box
Species	Homo_sapiens
Pos	A	C	G	T
1	0.206766917293233	0.246240601503759	0.131578947368421	0.415413533834586
2	0.119614147909968	0.0836012861736334	0.112540192926045	0.684244372990354
3	0.106876553438277	0.551781275890638	0.0115990057995029	0.329743164871582
4	0.791666666666667	0.192708333333333	0.0126488095238095	0.00297619047619048
5	0.0	0.910958904109589	0.0	0.089041095890411
6	0.0324909747292419	0.00631768953068592	0.96028880866426	0.000902527075812274
7	0.0	0.84310618066561	0.149762282091918	0.00713153724247227
8	0.446743295019157	0.0973180076628352	0.0873563218390805	0.368582375478927
9	0.0356200527704486	0.25197889182058	0.0105540897097625	0.701846965699208
10	0.0309734513274336	0.420353982300885	0.521238938053097	0.0274336283185841
11	0.725289706884799	0.00477164280845262	0.265848670756646	0.00408997955010225
12	0.330827067669173	0.304511278195489	0.230263157894737	0.134398496240602
13	0.0834738617200675	0.388701517706577	0.0193929173693086	0.508431703204047
14	0.150817686250757	0.0230163537250151	0.644457904300424	0.181708055723804
15	0.245300751879699	0.611842105263158	0.102443609022556	0.0404135338345865
16	0.383458646616541	0.156954887218045	0.355263157894737	0.104323308270677
17	0.0561702127659574	0.582127659574468	0.0382978723404255	0.323404255319149
18	0.37406015037594	0.262218045112782	0.163533834586466	0.200187969924812


TF	T237342_2.00
TF Name	PAX4
Gene	ENSG00000106331
Motif	M05433_2.00
Family	Homeodomain,Paired box
Species	Homo_sapiens
Pos	A	C	G	T
1	0.213541666666667	0.0625	0.078125	0.645833333333333
2	0.15625	0.4375	0.09375	0.3125
3	0.705882352941177	0.0588235294117647	0.158088235294118	0.0772058823529412
4	0.0425531914893617	0.817021276595745	0.051063829787234	0.0893617021276596
5	0.142857142857143	0.0	0.857142857142857	0.0
6	0.026578073089701	0.637873754152824	0.232558139534884	0.102990033222591
7	0.0611510791366906	0.0863309352517986	0.161870503597122	0.690647482014389
8	0.695652173913043	0.239130434782609	0.0434782608695652	0.0217391304347826
9	1.0	0.0	0.0	0.0
10	0.0394088669950739	0.0	0.0147783251231527	0.945812807881773
11	0.0128755364806867	0.0987124463519313	0.0643776824034335	0.824034334763948
12	0.631578947368421	0.0197368421052632	0.177631578947368	0.171052631578947
13	0.348958333333333	0.114583333333333	0.432291666666667	0.104166666666667


TF	T237342_2.00
TF Name	PAX4
Gene	ENSG00000106331
Motif	M05434_2.00
Family	Homeodomain,Paired box
Species	Homo_sapiens
Pos	A	C	G	T
1	0.155313351498638	0.23841961852861	0.166893732970027	0.439373297002725
2	0.522605909576362	0.227127091491634	0.0996796012815949	0.150587397650409
3	0.867612293144208	0.0372340425531915	0.0407801418439716	0.0543735224586288
4	0.0230326295585413	0.0153550863723608	0.0223928342930262	0.939219449776072
5	0.0523882896764253	0.102208525937339	0.0914227015921931	0.753980482794042
6	0.718903036238981	0.0876591576885406	0.121449559255632	0.0719882468168462
7	0.220858895705521	0.192229038854806	0.45535105657805	0.131561008861622
8	0.0953029271613342	0.439754935330157	0.236895847515317	0.228046289993193
9	0.0367943548387097	0.116431451612903	0.106854838709677	0.73991935483871
10	0.784188034188034	0.0710470085470085	0.102029914529915	0.0427350427350427
11	0.948933419521655	0.0407239819004525	0.00646412411118293	0.00387847446670976
12	0.0615114235500879	0.0345635618043351	0.0439367311072056	0.859988283538371
13	0.168797953964194	0.106686152721958	0.188162221410303	0.536353671903544
14	0.419332879509871	0.17358747447243	0.257998638529612	0.149081007488087


TF	T237342_2.00
TF Name	PAX4
Gene	ENSG00000106331
Motif	M05435_2.00
Family	Homeodomain,Paired box
Species	Homo_sapiens
Pos	A	C	G	T
1	0.325036603221083	0.187408491947291	0.401171303074671	0.0863836017569546
2	0.726114649681529	0.102972399150743	0.0721868365180467	0.0987261146496815
3	0.0605060506050605	0.101210121012101	0.0858085808580858	0.752475247524752
4	0.0160427807486631	0.0374331550802139	0.0320855614973262	0.914438502673797
5	0.289340101522843	0.00406091370558376	0.0121827411167513	0.694416243654822
6	0.160603371783496	0.606921029281278	0.000887311446317658	0.231588287488909
7	0.81042654028436	0.00355450236966825	0.183649289099526	0.0023696682464455
8	0.00236686390532544	0.809467455621302	0.00118343195266272	0.18698224852071
9	0.0365682137834037	0.00140646976090014	0.962025316455696	0.0
10	0.00121654501216545	0.832116788321168	0.166666666666667	0.0
11	0.454545454545455	0.104066985645933	0.0777511961722488	0.363636363636364
12	0.0411428571428571	0.176	0.00114285714285714	0.781714285714286
13	0.0221606648199446	0.455678670360111	0.490304709141274	0.0318559556786704
14	0.70442842430484	0.0247167868177137	0.260556127703399	0.0102986611740474
15	0.359124087591241	0.25985401459854	0.205839416058394	0.175182481751825
16	0.0275103163686382	0.462173314993122	0.031636863823934	0.478679504814305
17	0.171064604185623	0.0245677888989991	0.62238398544131	0.181983621474067
18	0.37280701754386	0.399122807017544	0.153508771929825	0.0745614035087719
19	0.477306002928258	0.177159590043924	0.202049780380674	0.143484626647145
20	0.0363391655450875	0.627187079407806	0.0430686406460296	0.293405114401077
21	0.423976608187135	0.236842105263158	0.14327485380117	0.195906432748538


TF	T237342_2.00
TF Name	PAX4
Gene	ENSG00000106331
Motif	M05436_2.00
Family	Homeodomain,Paired box
Species	Homo_sapiens
Pos	A	C	G	T
1	0.204304160688666	0.137876614060258	0.100860832137733	0.556958393113343
2	0.119365525549644	0.0166649934745507	0.164240538098584	0.699728942877221
3	0.147796445093742	0.392378865351838	0.00365230094959825	0.456172388604821
4	0.715973292244479	0.204417051874679	0.0645095017976374	0.0151001540832049
5	0.00143847260363541	0.911468549758075	0.000915391656858899	0.0861775859814306
6	0.0175981979445305	0.000703927917781219	0.98127551738702	0.000422356750668732
7	0.0	0.869619463505926	0.129008109794136	0.00137242669993762
8	0.45636225651404	0.0798128004047559	0.0385782949658487	0.425246648115355
9	0.0192731916869848	0.170556136073377	0.000928828515035412	0.809241843724602
10	0.0173683479227456	0.350979574822843	0.617479505349451	0.0141725719049604
11	0.808490894327804	0.00800371186637281	0.181069481498666	0.00243591230715694
12	0.365136298421808	0.254088952654232	0.217360114777618	0.163414634146341
13	0.0318200521190509	0.472088876697298	0.0122068303387738	0.483884240844877
14	0.130042620675984	0.0135791456041233	0.690851422341164	0.165526811378729
15	0.359489312867594	0.485726581552145	0.132549132118778	0.0222349734614833
16	0.576470588235294	0.129411764705882	0.15896700143472	0.135150645624103
17	0.0449602122015915	0.645358090185676	0.0306366047745358	0.279045092838196
18	0.476757532281205	0.125538020086083	0.147919655667145	0.249784791965567


TF	T237342_2.00
TF Name	PAX4
Gene	ENSG00000106331
Motif	M05437_2.00
Family	Homeodomain,Paired box
Species	Homo_sapiens
Pos	A	C	G	T
1	0.190298507462687	0.0514925373134328	0.192537313432836	0.565671641791045
2	0.194615816040381	0.305664610207515	0.0544026920919798	0.445316881660123
3	0.67017017017017	0.0815815815815816	0.171171171171171	0.0770770770770771
4	0.0736788617886179	0.680386178861789	0.0594512195121951	0.186483739837398
5	0.144154370034052	0.0709421112372304	0.759931895573212	0.0249716231555051
6	0.0425219941348974	0.6544477028348	0.15347018572825	0.149560117302053
7	0.111346765641569	0.104453870625663	0.0742311770943796	0.709968186638388
8	0.750981491867639	0.107683679192372	0.0566461020751542	0.0846887268648345
9	0.950319375443577	0.0099361249112846	0.0035486160397445	0.0361958836053939
10	0.0	0.0132255694342395	0.00293901542983101	0.983835415135929
11	0.0303813833225598	0.0762766645119586	0.0277957336780866	0.865546218487395
12	0.691632231404959	0.0650826446280992	0.111570247933884	0.131714876033058
13	0.303958177744586	0.177744585511576	0.365197908887229	0.153099327856609


TF	T237342_2.00
TF Name	PAX4
Gene	ENSG00000106331
Motif	M10811_2.00
Family	Homeodomain,Paired box
Species	Homo_sapiens
Pos	A	C	G	T
1	0.16	0.24	0.36	0.24
2	0.296296296296296	0.148148148148148	0.481481481481481	0.0740740740740741
3	0.241379310344828	0.275862068965517	0.206896551724138	0.275862068965517
4	0.0967741935483871	0.419354838709677	0.161290322580645	0.32258064516129
5	0.0333333333333333	0.366666666666667	0.466666666666667	0.133333333333333
6	0.266666666666667	0.4	0.133333333333333	0.2
7	0.25	0.15625	0.34375	0.25
8	0.0789473684210526	0.605263157894737	0.131578947368421	0.184210526315789
9	0.658536585365854	0.170731707317073	0.170731707317073	0.0
10	0.0930232558139535	0.767441860465116	0.0697674418604651	0.0697674418604651
11	0.0697674418604651	0.162790697674419	0.697674418604651	0.0697674418604651
12	0.116279069767442	0.790697674418605	0.0930232558139535	0.0
13	0.488372093023256	0.13953488372093	0.116279069767442	0.255813953488372
14	0.0	0.13953488372093	0.0232558139534884	0.837209302325581
15	0.0	0.325581395348837	0.674418604651163	0.0
16	0.851063829787234	0.0638297872340425	0.0851063829787234	0.0
17	0.27906976744186	0.581395348837209	0.0697674418604651	0.0697674418604651
18	0.0	0.380952380952381	0.357142857142857	0.261904761904762
19	0.238095238095238	0.238095238095238	0.380952380952381	0.142857142857143
20	0.114285714285714	0.742857142857143	0.114285714285714	0.0285714285714286
21	0.269230769230769	0.307692307692308	0.269230769230769	0.153846153846154


TF	T237342_2.00
TF Name	PAX4
Gene	ENSG00000106331
Motif	M10812_2.00
Family	Homeodomain,Paired box
Species	Homo_sapiens
Pos	A	C	G	T
1	0.266666666666667	0.133333333333333	0.466666666666667	0.133333333333333
2	0.722222222222222	0.0555555555555556	0.222222222222222	0.0
3	0.55	0.25	0.05	0.15
4	0.4	0.0	0.1	0.5
5	0.75	0.1	0.1	0.05
6	1.0	0.0	0.0	0.0
7	0.1	0.0	0.0	0.9
8	0.1	0.05	0.05	0.8
9	0.55	0.05	0.2	0.2
10	0.25	0.45	0.25	0.05
11	0.157894736842105	0.473684210526316	0.315789473684211	0.0526315789473684


TF	T237342_2.00
TF Name	PAX4
Gene	ENSG00000106331
Motif	M10813_2.00
Family	Homeodomain,Paired box
Species	Homo_sapiens
Pos	A	C	G	T
1	0.352941176470588	0.235294117647059	0.235294117647059	0.176470588235294
2	0.470588235294118	0.117647058823529	0.176470588235294	0.235294117647059
3	0.176470588235294	0.294117647058824	0.176470588235294	0.352941176470588
4	0.235294117647059	0.352941176470588	0.176470588235294	0.235294117647059
5	0.235294117647059	0.411764705882353	0.0588235294117647	0.294117647058824
6	0.117647058823529	0.529411764705882	0.0	0.352941176470588
7	0.0588235294117647	0.882352941176471	0.0588235294117647	0.0
8	0.941176470588235	0.0	0.0	0.0588235294117647
9	0.0588235294117647	0.823529411764706	0.117647058823529	0.0
10	0.176470588235294	0.705882352941177	0.0	0.117647058823529
11	0.0588235294117647	0.705882352941177	0.176470588235294	0.0588235294117647
12	0.0	0.375	0.375	0.25


TF	T237342_2.00
TF Name	PAX4
Gene	ENSG00000106331
Motif	M10814_2.00
Family	Homeodomain,Paired box
Species	Homo_sapiens
Pos	A	C	G	T
1	0.6	0.0666666666666667	0.333333333333333	0.0
2	0.578947368421053	0.105263157894737	0.210526315789474	0.105263157894737
3	0.695652173913043	0.0434782608695652	0.0869565217391304	0.173913043478261
4	0.739130434782609	0.0869565217391304	0.0434782608695652	0.130434782608696
5	0.833333333333333	0.0416666666666667	0.0416666666666667	0.0833333333333333
6	0.333333333333333	0.0833333333333333	0.0833333333333333	0.5
7	0.25	0.0833333333333333	0.0416666666666667	0.625
8	0.625	0.0416666666666667	0.208333333333333	0.125
9	0.291666666666667	0.25	0.25	0.208333333333333
10	0.166666666666667	0.416666666666667	0.25	0.166666666666667
11	0.333333333333333	0.375	0.125	0.166666666666667
12	0.25	0.375	0.125	0.25
13	0.333333333333333	0.291666666666667	0.166666666666667	0.208333333333333
14	0.375	0.25	0.25	0.125
15	0.333333333333333	0.291666666666667	0.0833333333333333	0.291666666666667
16	0.375	0.208333333333333	0.125	0.291666666666667
17	0.25	0.208333333333333	0.25	0.291666666666667
18	0.208333333333333	0.458333333333333	0.208333333333333	0.125
19	0.208333333333333	0.416666666666667	0.125	0.25
20	0.375	0.333333333333333	0.166666666666667	0.125
21	0.375	0.166666666666667	0.208333333333333	0.25
22	0.208333333333333	0.416666666666667	0.166666666666667	0.208333333333333
23	0.333333333333333	0.416666666666667	0.0416666666666667	0.208333333333333
24	0.166666666666667	0.375	0.0416666666666667	0.416666666666667
25	0.0416666666666667	0.666666666666667	0.166666666666667	0.125
26	0.791666666666667	0.125	0.0	0.0833333333333333
27	0.0416666666666667	0.625	0.0833333333333333	0.25
28	0.25	0.416666666666667	0.0833333333333333	0.25
29	0.0833333333333333	0.666666666666667	0.166666666666667	0.0833333333333333
30	0.0	0.529411764705882	0.235294117647059	0.235294117647059


TF	T237342_2.00
TF Name	PAX4
Gene	ENSG00000106331
Motif	M10815_2.00
Family	Homeodomain,Paired box
Species	Homo_sapiens
Pos	A	C	G	T


TF	T303232_2.00
TF Name	NR1I2
Gene	ENSG00000144852
Motif	M03925_2.00
Family	Nuclear receptor
Species	Homo_sapiens
Pos	A	C	G	T
1	0.65	0.025	0.32	0.005
2	0.0	0.033457249070632	0.966542750929368	0.0
3	0.0	0.0025974025974026	0.322077922077922	0.675324675324675
4	0.00484261501210654	0.0411622276029056	0.324455205811138	0.62953995157385
5	0.0125	0.8125	0.03125	0.14375
6	0.70188679245283	0.0188679245283019	0.279245283018868	0.0
7	0.219230769230769	0.261538461538462	0.161538461538462	0.357692307692308
8	0.142307692307692	0.261538461538462	0.273076923076923	0.323076923076923
9	0.169230769230769	0.257692307692308	0.484615384615385	0.0884615384615385
10	0.631970260223048	0.0223048327137546	0.33457249070632	0.0111524163568773
11	0.0	0.0148148148148148	0.962962962962963	0.0222222222222222
12	0.0	0.0	0.310344827586207	0.689655172413793
13	0.0534883720930233	0.0883720930232558	0.253488372093023	0.604651162790698
14	0.0155763239875389	0.809968847352025	0.0155763239875389	0.158878504672897
15	0.614657210401891	0.0449172576832151	0.312056737588652	0.0283687943262411


TF	T303232_2.00
TF Name	NR1I2
Gene	ENSG00000144852
Motif	M05625_2.00
Family	Nuclear receptor
Species	Homo_sapiens
Pos	A	C	G	T
1	0.225609756097561	0.201219512195122	0.50609756097561	0.0670731707317073
2	0.644970414201183	0.029585798816568	0.319526627218935	0.00591715976331361
3	0.0179640718562874	0.0	0.982035928143713	0.0
4	0.0	0.00921658986175115	0.235023041474654	0.755760368663594
5	0.0225225225225225	0.0540540540540541	0.184684684684685	0.738738738738739
6	0.0459183673469388	0.836734693877551	0.0102040816326531	0.107142857142857
7	0.717791411042945	0.0	0.282208588957055	0.0
8	0.218181818181818	0.242424242424242	0.139393939393939	0.4
9	0.164634146341463	0.341463414634146	0.182926829268293	0.310975609756098
10	0.109756097560976	0.310975609756098	0.524390243902439	0.0548780487804878
11	0.655172413793103	0.0172413793103448	0.28735632183908	0.0402298850574713
12	0.0	0.00595238095238095	0.976190476190476	0.0178571428571429
13	0.0	0.0	0.271111111111111	0.728888888888889
14	0.0539419087136929	0.0995850622406639	0.16597510373444	0.680497925311203
15	0.0114285714285714	0.937142857142857	0.0	0.0514285714285714
16	0.585227272727273	0.0511363636363636	0.340909090909091	0.0227272727272727
17	0.201219512195122	0.335365853658537	0.109756097560976	0.353658536585366


TF	T303232_2.00
TF Name	NR1I2
Gene	ENSG00000144852
Motif	M05626_2.00
Family	Nuclear receptor
Species	Homo_sapiens
Pos	A	C	G	T
1	0.259850905218317	0.182374866879659	0.450212992545261	0.107561235356763
2	0.696300239552835	0.000266169816342827	0.303433590630822	0.0
3	0.00370468377877745	0.000793860809738026	0.993913733792008	0.00158772161947605
4	0.00034965034965035	0.00034965034965035	0.342657342657343	0.656643356643357
5	0.0443303779748017	0.0258205008554985	0.345621403017577	0.584227718152123
6	0.00308129888599194	0.890258355060441	0.0101919886228964	0.0964683574306708
7	0.537321334039174	0.00582318687136051	0.456855479089465	0.0
8	0.150159744408946	0.243876464323749	0.148828541001065	0.457135250266241
9	0.150159744408946	0.225772097976571	0.23482428115016	0.389243876464324
10	0.232960596379127	0.219914802981896	0.431043663471778	0.116080937167199
11	0.661192052980133	0.00185430463576159	0.333774834437086	0.00317880794701987
12	0.000532197977647685	0.0	0.999467802022352	0.0
13	0.0	0.0	0.310699210864379	0.689300789135621
14	0.0464310464310464	0.0388080388080388	0.264033264033264	0.650727650727651
15	0.0111111111111111	0.851700680272109	0.0142857142857143	0.122902494331066
16	0.483467846914866	0.00468627961468368	0.494402499349128	0.0174433741213226
17	0.184238551650692	0.279286474973376	0.162406815761448	0.374068157614483


TF	T303232_2.00
TF Name	NR1I2
Gene	ENSG00000144852
Motif	M09283_2.00
Family	Nuclear receptor
Species	Homo_sapiens
Pos	A	C	G	T
1	0.321428566929812	0.124999998250483	0.192857140157888	0.360714280665679
2	0.299999995801158	0.0642857133859625	0.399999994401545	0.235714282415196
3	0.432142851094526	0.13571428381481	0.396428565880102	0.0357142852144236
4	0.264285710586735	0.0	0.664285704988279	0.0714285704288472
5	0.0678571419074049	0.203571425722215	0.560714277866451	0.167857140507791
6	0.0	0.0321428566929812	0.0642857133859625	0.903571415924917
7	0.0	0.607142848645201	0.0642857133859625	0.328571423972698
8	0.707142847245588	0.292857138758274	0.0	0.0
9	0.599999991602317	0.0964285700789438	0.164285711986348	0.139285712336252
10	0.299999995801158	0.207142854243657	0.292857138758274	0.199999997200772
11	0.33214285249414	0.235714282415196	0.232142853893753	0.199999997200772
12	0.596428563080874	0.0678571419074049	0.335714281015582	0.0
13	0.928571415575014	0.0	0.0714285704288472	0.0
14	0.0	0.0	0.999999986003861	0.0
15	0.0	0.0714285704288472	0.303571424322601	0.624999991252413
16	0.0964285700789438	0.0642857133859625	0.0357142852144236	0.803571417324531
17	0.0	0.760714275067222	0.13571428381481	0.103571427121829
18	0.899999987403475	0.0321428566929812	0.0678571419074049	0.0
19	0.130357141032646	0.22678571111159	0.355357137883515	0.28749999597611


TF	T303230_2.00
TF Name	NR1I3
Gene	ENSG00000143257
Motif	M03924_2.00
Family	Nuclear receptor
Species	Homo_sapiens
Pos	A	C	G	T
1	0.67574931880109	0.0435967302452316	0.250681198910082	0.0299727520435967
2	0.0181818181818182	0.0618181818181818	0.901818181818182	0.0181818181818182
3	0.02088772845953	0.0	0.331592689295039	0.647519582245431
4	0.138317757009346	0.102803738317757	0.295327102803738	0.463551401869159
5	0.0309278350515464	0.639175257731959	0.0876288659793814	0.242268041237113
6	0.53448275862069	0.0258620689655172	0.375	0.0646551724137931
7	0.185483870967742	0.30241935483871	0.229838709677419	0.282258064516129
8	0.230769230769231	0.255060728744939	0.368421052631579	0.145748987854251
9	0.283400809716599	0.186234817813765	0.246963562753036	0.283400809716599
10	0.283400809716599	0.165991902834008	0.259109311740891	0.291497975708502
11	0.666666666666667	0.0618279569892473	0.266129032258065	0.00537634408602151
12	0.0	0.027027027027027	0.957528957528958	0.0154440154440154
13	0.0339943342776204	0.0028328611898017	0.260623229461756	0.702549575070821
14	0.134955752212389	0.0929203539823009	0.223451327433628	0.548672566371681
15	0.0686015831134565	0.654353562005277	0.0633245382585752	0.213720316622691
16	0.505091649694501	0.0610997963340122	0.372708757637475	0.0610997963340122


TF	T303230_2.00
TF Name	NR1I3
Gene	ENSG00000143257
Motif	M05619_2.00
Family	Nuclear receptor
Species	Homo_sapiens
Pos	A	C	G	T
1	0.611911702092818	0.073346870599024	0.133675040120525	0.181066387187633
2	0.511261059969613	0.0486638662972562	0.230032472368695	0.210042601364435
3	0.962818626476319	0.0	0.0371813735236808	0.0
4	0.0	0.0	1.0	0.0
5	0.0	0.0	0.0578255117129738	0.942174488287026
6	0.0151619704811194	0.00655549166187464	0.0500862564692352	0.928196281387771
7	0.0	0.87804170444243	0.00181323662737987	0.12014505893019
8	0.810389262643505	0.0	0.186899621782642	0.0027111155738528
9	0.149223525524533	0.269556418304973	0.094126879233438	0.487093176937056


TF	T303230_2.00
TF Name	NR1I3
Gene	ENSG00000143257
Motif	M05620_2.00
Family	Nuclear receptor
Species	Homo_sapiens
Pos	A	C	G	T
1	0.635778110400508	0.057059917449086	0.131446455300041	0.175715516850365
2	0.48977071584407	0.0386119458280163	0.224920759066398	0.246696579261516
3	0.97834527259802	0.0	0.0216547274019795	0.0
4	0.0	0.0	1.0	0.0
5	0.0	0.0	0.00649711239449134	0.993502887605509
6	0.0	0.0	0.00122815832077262	0.998771841679227
7	0.0	0.966715296914681	0.0	0.0332847030853191
8	0.379408641216254	0.0	0.620591358783746	0.0
9	0.215483510340973	0.254443823365008	0.149413079932923	0.380659586361096


TF	T303230_2.00
TF Name	NR1I3
Gene	ENSG00000143257
Motif	M09281_2.00
Family	Nuclear receptor
Species	Homo_sapiens
Pos	A	C	G	T
1	0.32319391634981	0.0	0.494296577946768	0.182509505703422
2	0.456273764258555	0.0760456273764259	0.467680608365019	0.0
3	0.178707224334601	0.0	0.749049429657795	0.0722433460076046
4	0.0	0.140684410646388	0.726235741444867	0.133079847908745
5	0.0	0.0	0.0342205323193916	0.965779467680608
6	0.0	0.821292775665399	0.0684410646387833	0.110266159695817
7	0.927756653992395	0.0722433460076046	0.0	0.0
8	0.319391634980988	0.163498098859316	0.357414448669202	0.159695817490494
9	0.254752851711027	0.193916349809886	0.387832699619772	0.163498098859316
10	0.399239543726236	0.197718631178707	0.26615969581749	0.136882129277567
11	0.581749049429658	0.0722433460076046	0.311787072243346	0.0342205323193916
12	0.904942965779468	0.0	0.0950570342205323	0.0
13	0.0380228136882129	0.0	0.961977186311787	0.0
14	0.0	0.064638783269962	0.212927756653992	0.722433460076046
15	0.17490494296578	0.106463878326996	0.0	0.718631178707224
16	0.0	0.707224334600761	0.0722433460076046	0.220532319391635
17	0.711026615969582	0.0722433460076046	0.140684410646388	0.0760456273764259
18	0.183460076045627	0.141634980988593	0.358365019011407	0.316539923954373


TF	T303210_2.00
TF Name	PGR
Gene	ENSG00000082175
Motif	M03923_2.00
Family	Nuclear receptor
Species	Homo_sapiens
Pos	A	C	G	T
1	0.374251497005988	0.119760479041916	0.374251497005988	0.131736526946108
2	0.0869565217391304	0.025	0.815217391304348	0.0728260869565217
3	0.337333333333333	0.161333333333333	0.18	0.321333333333333
4	0.929368029739777	0.00371747211895911	0.0458488228004957	0.0210656753407683
5	0.0	0.965250965250965	0.0334620334620335	0.00128700128700129
6	0.76219512195122	0.0304878048780488	0.0995934959349594	0.107723577235772
7	0.148	0.34	0.185333333333333	0.326666666666667
8	0.260347129506008	0.252336448598131	0.218958611481976	0.268357810413885
9	0.325333333333333	0.173333333333333	0.344	0.157333333333333
10	0.0711700844390832	0.424607961399276	0.02291917973462	0.481302774427021
11	0.00913838120104439	0.0	0.97911227154047	0.0117493472584856
12	0.0379266750948167	0.0	0.0139064475347661	0.948166877370417
13	0.354666666666667	0.193333333333333	0.196	0.256
14	0.0884573894282632	0.809061488673139	0.0420711974110032	0.0604099244875944
15	0.113660062565172	0.397288842544317	0.103232533889468	0.385818561001043


TF	T303210_2.00
TF Name	PGR
Gene	ENSG00000082175
Motif	M09266_2.00
Family	Nuclear receptor
Species	Homo_sapiens
Pos	A	C	G	T
1	0.422222222222222	0.0222222222222222	0.403174603174603	0.152380952380952
2	0.0984126984126984	0.00952380952380952	0.844444444444444	0.0476190476190476
3	0.498412698412698	0.158730158730159	0.187301587301587	0.155555555555556
4	0.895238095238095	0.0507936507936508	0.0253968253968254	0.0285714285714286
5	0.00952380952380952	0.876190476190476	0.00952380952380952	0.104761904761905
6	0.644444444444444	0.0349206349206349	0.114285714285714	0.206349206349206
7	0.0285714285714286	0.180952380952381	0.171428571428571	0.619047619047619
8	0.0793650793650794	0.219047619047619	0.114285714285714	0.587301587301587
9	0.0666666666666667	0.466666666666667	0.146031746031746	0.320634920634921
10	0.0920634920634921	0.0634920634920635	0.0412698412698413	0.803174603174603
11	0.0158730158730159	0.0857142857142857	0.86031746031746	0.0380952380952381
12	0.0571428571428571	0.0349206349206349	0.0349206349206349	0.873015873015873
13	0.234920634920635	0.13015873015873	0.149206349206349	0.485714285714286
14	0.0634920634920635	0.80952380952381	0.00952380952380952	0.117460317460317
15	0.0825396825396825	0.263492063492063	0.0253968253968254	0.628571428571429
16	0.13015873015873	0.244444444444444	0.234920634920635	0.39047619047619


TF	T303210_2.00
TF Name	PGR
Gene	ENSG00000082175
Motif	M09603_2.00
Family	Nuclear receptor
Species	Homo_sapiens
Pos	A	C	G	T
1	0.238	0.025	0.624	0.113
2	0.36	0.211	0.253	0.176
3	0.756	0.07	0.084	0.09
4	0.034	0.838	0.109	0.019
5	0.719	0.001	0.035	0.245
6	0.167	0.147	0.482	0.204
7	0.315	0.186	0.206	0.293
8	0.324	0.339	0.182	0.155
9	0.233	0.15	0.048	0.569
10	0.095	0.129	0.73	0.046
11	0.08	0.086	0.049	0.785
12	0.167	0.249	0.189	0.395
13	0.051	0.8	0.008	0.141
14	0.202	0.274	0.002	0.522
15	0.167	0.188	0.337	0.308


TF	T303210_2.00
TF Name	PGR
Gene	ENSG00000082175
Motif	M11095_2.00
Family	Nuclear receptor
Species	Homo_sapiens
Pos	A	C	G	T


TF	T303210_2.00
TF Name	PGR
Gene	ENSG00000082175
Motif	M11096_2.00
Family	Nuclear receptor
Species	Homo_sapiens
Pos	A	C	G	T


TF	T303210_2.00
TF Name	PGR
Gene	ENSG00000082175
Motif	M11097_2.00
Family	Nuclear receptor
Species	Homo_sapiens
Pos	A	C	G	T


